9.087841341994908007e+00
1.010662554920215150e+01
1.060432889665776912e+01
8.146700938117936275e+00
1.121532998169591977e+01
1.009371284431889748e+01
1.042682210470414006e+01
9.512998002548760823e+00
8.629302227404917147e+00
7.489375585175475081e+00
1.065366661766577927e+01
1.082957068349464613e+01
8.784486626779122176e+00
1.096011580478395686e+01
9.906590321049293379e+00
9.158281604194087322e+00
1.044614587805461881e+01
8.834952789803717010e+00
1.108507526463502657e+01
1.074786111075282591e+01
1.037680630459277786e+01
9.949259240587823072e+00
1.098840191096842922e+01
8.184571599549485654e+00
1.111626202772112570e+01
9.931936424416033304e+00
8.245892517959376278e+00
9.600701410889913134e+00
9.596250256631222442e+00
8.758701240053243353e+00
1.026599280826437344e+01
1.003072824799032148e+01
9.174141482236240819e+00
1.095249503432741633e+01
9.816452771474789785e+00
7.872086827274207721e+00
9.594340223612464413e+00
9.227944513921551462e+00
8.600925909484418597e+00
1.104193271415137545e+01
1.055787516441347584e+01
9.757361877735789335e+00
9.968940732291045492e+00
1.035909125398449504e+01
9.081976028332594097e+00
9.607042883905588582e+00
1.183643996255589315e+01
1.065500473185038999e+01
9.559313893040974008e+00
1.179449147693399347e+01
1.152681481105172701e+01
1.122729723606113517e+01
1.086988402355913941e+01
9.848750516222485984e+00
1.005911294060803129e+01
1.024433480075064473e+01
9.784481661663017249e+00
1.018996260795928244e+01
8.857261516624934217e+00
1.140313014087037047e+01
9.306521720695588584e+00
1.015578731337220830e+01
1.089652947025630603e+01
9.379322071466166477e+00
9.605070775643861580e+00
1.038731808405076507e+01
8.919907748372345679e+00
9.153889169146054883e+00
1.091798910794096500e+01
8.962219179287920667e+00
8.033278008523552671e+00
1.045508301023915010e+01
7.761310739245550039e+00
1.003609923567897155e+01
9.526295398195429698e+00
9.148852987418166549e+00
1.025739094951588903e+01
9.891037256369395791e+00
8.639099388360493847e+00
1.036168980658138139e+01
9.921348215482442612e+00
1.000209711128096934e+01
1.106602411641462425e+01
9.172577928649516821e+00
7.250663434453836764e+00
9.758193944582808754e+00
8.522925972525101201e+00
9.088568092232266693e+00
1.213310500648977985e+01
9.165993689912367515e+00
1.047481169088828246e+01
8.685892742913063458e+00
1.139767888006301533e+01
7.231395641492555981e+00
1.022082338885465269e+01
1.085858957083425480e+01
9.029981357034978728e+00
9.193119599200571201e+00
1.105677999101513898e+01
8.610440218466809625e+00
9.727073143684782153e+00
1.066158371104294567e+01
9.981383271863279560e+00
9.768195694862752632e+00
8.590899939524662798e+00
9.479018144799150392e+00
8.702951968582778974e+00
9.972319699372532043e+00
8.436541243994895467e+00
1.070739148852298328e+01
1.111369917022626908e+01
8.867220385003797389e+00
1.002505221568229210e+01
9.618251187049862594e+00
9.078320453489983066e+00
1.006955468030559331e+01
8.953184022700130029e+00
9.386213133688285026e+00
9.696419507172898022e+00
1.168926418708041304e+01
7.745097032951042237e+00
9.964632820212401043e+00
1.027387244982753600e+01
9.530823806407068943e+00
9.954042571580144383e+00
9.680794229850889110e+00
8.220251630581657309e+00
1.100902527047466251e+01
9.722911469626644987e+00
1.003757658848543777e+01
8.573512315483540647e+00
1.017739452146915013e+01
1.001597131530447804e+01
1.027634568383221847e+01
9.733941215780246736e+00
1.073220635548751822e+01
1.004174951930262516e+01
8.060681706861192453e+00
8.647692323442326412e+00
1.000346572911700171e+01
9.799716774406967090e+00
1.004702560104667874e+01
1.048942726292097483e+01
9.460762250537182894e+00
1.030380029590477164e+01
9.433352823625710926e+00
1.128746388304629633e+01
9.336374924188017843e+00
1.002775195826189858e+01
1.000213892363464652e+01
